          time  price pchange  change  volume   amount type
0     15:00:03   9.36   +0.11    0.01    4515  4226040  中性盘
1     14:57:00   9.35    0.00    0.00       9     8415   买盘
2     14:56:57   9.35    0.00   -0.01      37    34595   卖盘
3     14:56:54   9.36   +0.11    0.01     103    96408   买盘
4     14:56:51   9.35    0.00    0.00      54    50490   卖盘
5     14:56:48   9.35    0.00    0.00     147   137445   卖盘
6     14:56:45   9.35    0.00    0.00      46    43010   买盘
7     14:56:42   9.35    0.00    0.00     155   144925   买盘
8     14:56:39   9.35    0.00    0.00     161   150535   买盘
9     14:56:36   9.35    0.00    0.00      62    57970   买盘
10    14:56:33   9.35    0.00    0.00      21    19635  中性盘
11    14:56:33   9.35    0.00    0.00      21    19635   买盘
12    14:56:30   9.35    0.00    0.01     153   143055   买盘
13    14:56:27   9.34   -0.11    0.00      33    30822   卖盘
14    14:56:24   9.34   -0.11    0.00      61    56974   卖盘
15    14:56:21   9.34   -0.11    0.00      68    63512   卖盘
16    14:56:18   9.34   -0.11    0.00     440   410960   卖盘
17    14:56:15   9.34   -0.11    0.00      30    28020   卖盘
18    14:56:12   9.34   -0.11    0.00     105    98070   卖盘
19    14:56:09   9.34   -0.11    0.00      48    44832   卖盘
20    14:56:06   9.34   -0.11    0.00      62    57908   卖盘
21    14:56:03   9.34   -0.11   -0.01     380   354920   卖盘
22    14:56:00   9.35    0.00    0.00      57    53295   买盘
23    14:55:57   9.35    0.00    0.01     165   154275   买盘
24    14:55:54   9.34   -0.11    0.00     134   125156   卖盘
25    14:55:51   9.34   -0.11   -0.01     159   148506   卖盘
26    14:55:48   9.35    0.00    0.00     108   100980   买盘
27    14:55:45   9.35    0.00    0.00     129   120615   买盘
28    14:55:42   9.35    0.00    0.01      57    53295   买盘
29    14:55:39   9.34   -0.11    0.00      34    31756   卖盘
...        ...    ...     ...     ...     ...      ...  ...
4274  09:31:27   9.30   -0.53   -0.02      74    68820   卖盘
4275  09:31:24   9.32   -0.32    0.03     100    93200   买盘
4276  09:31:21   9.29   -0.64   -0.01     634   588986   卖盘
4277  09:31:18   9.30   -0.53    0.00     254   236220   买盘
4278  09:31:15   9.30   -0.53   -0.01     224   208320   卖盘
4279  09:31:12   9.31   -0.43    0.02      97    90307   买盘
4280  09:31:09   9.29   -0.64   -0.01     351   326079   卖盘
4281  09:31:06   9.30   -0.53    0.00      83    77190   卖盘
4282  09:31:03   9.30   -0.53    0.00     111   103230   卖盘
4283  09:31:00   9.30   -0.53    0.00     126   117180   买盘
4284  09:30:57   9.30   -0.53    0.00      20    18600   买盘
4285  09:30:54   9.30   -0.53    0.01      77    71610   买盘
4286  09:30:51   9.29   -0.64    0.00      43    39947   卖盘
4287  09:30:45   9.29   -0.64    0.02     491   456139   买盘
4288  09:30:42   9.27   -0.86   -0.01     501   464427   卖盘
4289  09:30:39   9.28   -0.75    0.00     109   101152   买盘
4290  09:30:36   9.28   -0.75    0.01     104    96512   买盘
4291  09:30:33   9.27   -0.86    0.00     220   203940   卖盘
4292  09:30:30   9.27   -0.86    0.00      66    61182   卖盘
4293  09:30:27   9.27   -0.86    0.00      57    52839   买盘
4294  09:30:24   9.27   -0.86    0.00      31    28737   买盘
4295  09:30:21   9.27   -0.86    0.00     190   176130   卖盘
4296  09:30:15   9.27   -0.86    0.00      29    26883   买盘
4297  09:30:12   9.27   -0.86    0.01     172   159444   买盘
4298  09:30:09   9.26   -0.96   -0.01     301   278726   卖盘
4299  09:30:06   9.27   -0.86   -0.01     527   488529   卖盘
4300  09:30:03   9.28   -0.75   -0.01    1653  1533984   卖盘
4301  09:30:00   9.29   -0.64    0.00       3     2787   卖盘
4302  09:25:03   9.29   -0.64    0.00    1980  1839420  中性盘
4303  09:25:03   9.29   -0.64    0.00    1980  1839420    0

[4304 rows x 7 columns]